image: rmuc.pgm
resolution: 0.050000
origin: [-21.437990, -17.812218, 0.000000]
negate: 0
occupied_thresh: 0.65
free_thresh: 0.196

